L1 = 0.333;
L2 = 0.316;
L3 = 0.384;
L4 = 0.088;
L5 = 0.107;


%------------------orientation of each joint at home config----------------

%joint 1
M(:,:,1) = [1 0 0 0;      
            0 1 0 0; 
            0 0 1 L1; 
            0 0 0 1];
%joint 2        
M(:,:,2) = [1 0 0 0; 
            0 0 -1 0; 
            0 1 0 L1; 
            0 0 0 1];

%joint 3
M(:,:,3) = [1 0 0 0; 
            0 1 0 0; 
            0 0 1 L1+L2; 
            0 0 0 1];

%joint 4
M(:,:,4) = [1 0 0 L4; 
            0 0 1 0; 
            0 -1 0 L1+L2; 
            0 0 0 1];

%joint 5        
M(:,:,5) = [1 0 0 0; 
            0 1 0 0; 
            0 0 1 L1+L2+L3; 
            0 0 0 1];

%joint 6    
M(:,:,6) = [1 0  0 0; 
            0 1  1 0; 
            0 -1 0 L1+L2+L3; 
            0 0  0 1];

%joint 7    
M(:,:,7) = [1 0 0 L4; 
            0 -1 0 0; 
            0  0 -1 L1+L2+L3; 
            0 0 0 1];

%end-effector   
M(:,:,8) = [1  0 0  L4; 
            0 -1 0  0; 
            0  0 -1 L1+L2+L3-L5; 
            0  0 0  1];
        
%position of each joint
q = [0 0 L1;
     0 0 L1;
     0 0 L1+L2;
     L4 0 L1+L2;
     0 0 L1+L2+L3;
     0 0 L1+L2+L3;
     L4 0 L1+L2+L3];

%rotation axis of each joint
w = [0 0 1;
     0 1 0;
     0 0 1;
     0 -1 0;
     0 0 1;
     0 -1 0;
     0 0 -1];
  
theta = [0 0 0 0 0 0 0];
